3330000002
3330000003
3330000004
3330000005
3330000006
3330000007
3330000008
3330000009
3330000010
3330000011
3330000012
3330000013
3330000014
3330000015
3330000016
3330000017
3330000018
3330000019
3330000020
3330000021
3330000022
3330000023
3330000024
3330000025
3330000026
3330000027
3330000028
3330000029
3330000030
3330000031
3330000032
3330000033
3330000034
3330000035
3330000036
3330000037
3330000038
3330000039
3330000040
3330000041
2220000002
2220000003
2220000004
2220000005
2220000006
2220000007
2220000008
2220000009
2220000010
2220000011
2220000012
2220000013
2220000014
2220000015
2220000016
2220000017
2220000018
2220000019
2220000020
2220000021
2220000022
2220000023
2220000024
2220000025
2220000026
2220000027
2220000028
2220000029
2220000030
2220000031
2220000032
2220000033
2220000034
2220000035
2220000036
2220000037
2220000038
2220000039
2220000040
2220000041
2220000042
2220000043
2220000044
2220000045
2220000046
2220000047
2220000048
2220000049
2220000050
2220000051
2220000052
2220000053
2220000054
2220000055
2220000056
2220000057
2220000058
2220000059
2220000060
2220000061
2220000062
2220000063
2220000064
2220000065
2220000066
2220000067
2220000068
2220000069
2220000070
2220000071
2220000072
2220000073
2220000074
2220000075
2220000076
2220000077
2220000078
2220000079
2220000080
2220000081
2220000082
2220000083
2220000084
2220000085
2220000086
2220000087
2220000088
2220000089
2220000090
2220000091
2220000092
2220000093
2220000094
2220000095
2220000096
2220000097
2220000098
2220000099
2220000100
2220000101
2220000102
2220000103
2220000104
2220000105
2220000106
2220000107
2220000108
2220000109
2220000110
2220000111
2220000112
2220000113
2220000114
2220000115
2220000116
2220000117
2220000118
2220000119
2220000120
2220000121
2220000122
2220000123
2220000124
2220000125
2220000126
2220000127
2220000128
2220000129
2220000130
2220000131
2220000132
2220000133
2220000134
2220000135
2220000136
2220000137
2220000138
2220000139
2220000140
2220000141
2220000142
2220000143
2220000144
2220000145
2220000146
2220000147
2220000148
2220000149
2220000150
2220000151
2220000152
2220000153
2220000154
2220000155
2220000156
2220000157
2220000158
2220000159
2220000160
2220000161
2220000162
2220000163
2220000164
2220000165
2220000166
2220000167
2220000168
2220000169
2220000170
2220000171
2220000172
2220000173
2220000174
2220000175
2220000176
2220000177
2220000178
2220000179
2220000180
2220000181
2220000182
2220000183
2220000184
2220000185
2220000186
2220000187
2220000188
2220000189
2220000190
2220000191
2220000192
2220000193
2220000194
2220000195
2220000196
2220000197
2220000198
2220000199
2220000200
2220000201
2220000202
2220000203
2220000204
2220000205
2220000206
2220000207
2220000208
2220000209
2220000210
2220000211
2220000212
2220000213
2220000214
2220000215
2220000216
2220000217
2220000218
2220000219
2220000220
2220000221
2220000222
2220000223
2220000224
2220000225
2220000226
2220000227
2220000228
2220000229
2220000230
2220000231
2220000232
2220000233
2220000234
2220000235
2220000236
2220000237
2220000238
2220000239
2220000240
2220000241
2220000242
2220000243
2220000244
2220000245
2220000246
2220000247
2220000248
2220000249
2220000250
2220000251
2220000252
2220000253
2220000254
2220000255
2220000256
2220000257
2220000258
2220000259
2220000260
2220000261
2220000262
2220000263
2220000264
2220000265
2220000266
2220000267
2220000268
2220000269
2220000270
2220000271
2220000272
2220000273
2220000274
2220000275
2220000276
2220000277
2220000278
2220000279
2220000280
2220000281
2220000282
2220000283
2220000284
2220000285
2220000286
2220000287
2220000288
2220000289
2220000290
2220000291
2220000292
2220000293
2220000294
2220000295
2220000296
2220000297
2220000298
2220000299
2220000300
2220000301
2220000302
2220000303
2220000304
2220000305
2220000306
2220000307
2220000308
2220000309
2220000310
2220000311
2220000312
2220000313
2220000314
2220000315
2220000316
2220000317
2220000318
2220000319
2220000320
2220000321
2220000322
2220000323
2220000324
2220000325
2220000326
2220000327
2220000328
2220000329
2220000330
2220000331
2220000332
2220000333
2220000334
2220000335
2220000336
2220000337
2220000338
2220000339
2220000340
2220000341
2220000342
2220000343
2220000344
2220000345
2220000346
2220000347
2220000348
2220000349
2220000350
2220000351
2220000352
2220000353
2220000354
2220000355
2220000356
2220000357
2220000358
2220000359
2220000360
2220000361
2220000362
2220000363
2220000364
2220000365
2220000366
2220000367
2220000368
2220000369
2220000370
2220000371
2220000372
2220000373
2220000374
2220000375
2220000376
2220000377
2220000378
2220000379
2220000380
2220000381
2220000382
2220000383
2220000384
2220000385
2220000386
