1110685324
1110685324
1810100202
1711001990
1810100203
1810100204
1810100205
1810200202
1165660150
1810100302
1810200211
1810200207
1810100205
5745458773
1810100223
1810100334
1711011990
1711428542
1810100402
1711007896
1810100502
1810100403
1810100503
1210100502
1210100503
1910423827
1810100602
9008794381
1810200205
1810200205
1448197452
1129918248
1111581852
1161002223
1212004445
1515000223
1920059445
2315011224
1516000223
2720328446
1922718445
2720629446
1517013223
2315211223
2315211223
1517014223
2315314223
2315314223
1922794445
2317015223
2317015223
1922010445
2317016223
2317016223
2316014223
2316014223
1150011223
2316817223
2316817223
5180340223
1150001112
1190003334
1230005557
1922380445
1924118445
1922011445
1910073030
5596340445
5596361445
1150000003
1114400002
1114400013
1114400024
1114400035
1114400045
1110450002
1110450003
1110450016
1110450004
1110450017
1110450005
1110450019
1910450006
1910450028
1110440011
1910450038
1150001234
1150001424
1115785528
1110080006
1110015890
1110800046
1115666555
1110800567
1115666557
1115666558
1110077237
1115711528
1110042234
1110095994
1117853559
1114500116
1110662267
1114500117
1114500118
1914500119
1114500120
1114500121
1114400090
1115794519
1113628623
1910810224
1910111128
1910400265
1910313340
1910101328
1910555500
1910034350
1913312500
1910131400
1910550258
1117861346
1810100522
1115568521
1114748805
1110840699
1110112250
1110992250
1110882250
1110772251
1110662250
1110552250
1110442250
1810200205
1919774503
1919777803
1919778803
1918658803
2007777803
2887669803
1919766803
1919658803
1919778813
1919778818
1919778816
1919774518
1919774413
1919778811
1919778812
2007788121
2007788122
1110078578
1910072025
1910072028
1910072027
1910072027
1910001656
1910073034
1910076005
1910001590
1910086465
1910076024
1910072239
1910000002
1910076007
1910076007
1910000233
1910072237
1910076009
1910072237
1910076009
1910072234
1910077003
1910077003
1910072236
1910071239
1810100334
1910071011
1910076011
1910072112
1910071238
1910077607
1910077607
1910076607
1910076607
1910072103
1910077608
1910077608
1910071242
1910076005
1715172002
1810100445
1910071341
1910071242
1910071243
1910072238
8928354759
8600297121
1710000020
5538195813
6953132264
8908430937
1710000010
9323305758
1810100158
1207228732
1910000005
1910073078
1710000014
1910071243
1910071244
1110000001
1910073124
1910071245
1910071246
1910071248
1910071249
1910073123
1910071245
1910071249
1910071248
1910071250
1910071251
1117850020
1710099837
1710003658
1910073035
1910071245
1910071245
1717405801
1716177389
1712808711
1110001531
1910001593
1110001507
1125309977
1505
1110001507
1110111247
1110989899
1110010502
1113381834
1111981892
1110090910
1111081082
1111089082
1111584489
1111981893
1110054322
1121810046
1111503052
1110004335
1110401015
1110044345
1110132232
1110441123
1110001583
1110011343
1111591952
1111591953
1115566015
1516380223
1910092573
1910069277
1910074620
1910017236
1910093489
1910059532
1910023141
1910008124
1910032616
1910062920
1910098887
1910006115
1910048160
1910074865
1910097870
1910423813
1910423815
1910423816
1910423821
1910423814
1910423817
1910423818
1910423823
1910423822
1910423824
1910423825
1910423826
1965045301
1919898111
1919898112
1919898113
1910998813
1928908902
1915850718
1915859718
1919910200
1918810189
1118910199
1910550218
1910550718
1117810188
1910550224
1919980218
1910111150
1910550118
1910110218
1910660219
1910660218
1910660229
1917710178
1910660230
1910660223
1916610167
1910770220
1910660224
1910770018
1910660225
1116718177
1910660226
1910660221
1118546116
1910990218
1910660222
1116710177
1910006353
1910660227
1910004295
1910985219
1910007226
1910660228
1910660018
1910998812
1910660231
1910660232
2177906703
1910550222
1910660233
1910980218
1910660234
1910660235
1910550223
1118491060
1110091235
1165102041
1165102089
1110091236
1210100302
1210100303
1210100304
1210100602
1210100603
1210100604
5963143334
1110091235
1132334456
1210100305
1210100306
1210100307
1210100303
1110000306
1110000307
1111800082
1110010902
1110000306
1110000307
1210244503
1110000816
1110000717
1110044618
1114400115
1165668443
1710180522
1165688521
1165668873
1910072572
1910000153
1110008707
1110000343
1110000344
1115568525
1110091437
5963143335
1165102011
1110056711
1910000032
1118899642
1110001031
1210100988
1110553213
1110401874
1160853096
1115566783
1110001029
1165102038
1165102074
1110123457
1110224457
1110089900
1210190202
1210190203
1110179795
1165102031
1110224559
1910433727
1910434727
1910435727
1910436737
1910437747
1309199302
1210100303
1210100304
2688805573
2688805578
1110486232
2628999818
1898805578
2688805576
2008709871
2620999018
2008704079
1919908814
2688805579
1898105178
1910880218
1987615149
1910884551
1115566002
1115566004
1115566080
1666600199
1115566024
1115566014
1115166148
1115566031
1115566025
1115566034
1115566023
1114498652
1115566032
1115566035
1115566079
1110290093
1110190092
1115563099
1115566046
1115566055
1115566069
1710001589
1115566012
1120014588
1120014786
1120014588
1120014786
1710000202
1710000202
1710000212
1184533385
1110040124
5550092253
1210114104
1110085472
1910085474
1110009635
1910009639
1110008744
1110008520
1115566005
1115866999
1910998815
1115568146
1110095695
2688806577
2688805679
2628991817
2008709172
2620993019
2688804577
2008702046
2688805877
1110575553
1110575554
1110575558
1914548755
1955788122
1955789755
1955788155
1116962925
1111035707
1710154687
1710154689
1710154690
1710154686
1110886533
1710154685
1711546006
1710154684
1710154683
1111002108
1210100213
1210100102
1117800259
1134658999
1158713273
1111045734
1110000306
1110000307
1258300976
1111002109
1120992110
1110017872
1110009579
1110000306
1110000307
1171633780
1210257302
1210100151
1110005531
1110001506
1110001507
1810100164
1143888341
1143888342
1810100161
1143888343
1143888344
1143888345
1143888346
1143888348
1113381865
1115551839
1113381835
1113381539
1113581865
1113183539
1113381685
1154829297
1143712532
1143883343
1143872243
1143884343
1143881343
1143885331
1143862243
1143882343
1143712552
1143788833
1143784532
1143888355
1141284536
1143784537
1114388838
1113378840
1110031483
1110000306
1110000307
1110031491
1110000306
1110000307
1110031482
1110000306
1110000307
1111002102
1710000113
1197044707
1110000343
1110000344
1110031481
1110000306
1110000307
1210110104
1110045821
1210100089
1210100037
1210110104
1810100173
1210100749
1210100303
1210100304
1115101139
1115101135
1210100303
1210100304
1115101140
1115101476
1115101776
1210100303
1210100304
1910999915
1910998915
1910884760
1916081208
1970390908
1118208507
1210100302
1950333908
2605721797
1916057218
1910970066
1110099644
1115810532
1110099645
1110443206
1110000306
1110000307
1110400023
1114511245
1114556832
1110076449
1110650457
1110035646
1110035657
1910550280
1910550300
1910550291
1910550292
1910550278
1910550259
1910590292
1910550357
1910550261
1910550380
1910550580
1910550602
1910042289
1910087686
1910501786
7427452548
1910557892
1965025789
1910551748
1910578600
1910550592
1910550649
1910550297
1113325301
1114423610
1113325301
1114423610
1118774565
1118774565
1112098825
1114936739
1112098825
1114936739
1910668834
1910970223
1119011901
1119011901
1116245263
1116245263
1118168508
1118168508
1112717293
1112717293
1111064381
1111064381
1910995524
1710988733
1719875413
1814328202
1814377702
2457328202
1711043402
1710104556
2597532455
1710799803
1710866536
1710866539
1729987352
1118706790
1110000343
1110000344
1110045124
1110045224
1110045335
1110045446
1110045888
1110045790
1110045126
1110458813
1110045699
1710879588
1710879588
1210100144
1118244205
1810100308
1210100702
1119778812
