1710000002
1710000003
1710000004
1710000005
1710000006
1710000007
1710000008
1710000009
1710000010
1710000011
1710000012
1710000013
1710000014
1710000015
1710000016
1710000017
1710000018
1710000019
1710000020
1710000021
1710000022
1710000023
1710000024
1710000025
1710000026
1710000027
1710000028
1710000029
1710000030
1710000031
1710000032
1710000033
1710000034
1710000035
1710000036
1710000037
1710000038
1710000039
1710000040
1710000041
1910000002
1910000003
1910000004
1910000005
1910000006
1910000007
1910000008
1910000009
1910000010
1910000011
1910000012
1910000013
1910000014
1910000015
1910000016
1910000017
1910000018
1910000019
1910000020
1910000021
1910000022
1910000023
1910000024
1910000025
1910000026
1910000027
1910000028
1910000029
1910000030
1910000031
1910000032
1910000033
1910000034
1910000035
1910000036
1910000037
1910000038
1910000039
1910000040
1910000041
1910000042
1910000043
1910000044
1910000045
1910000046
1910000047
1910000048
1910000049
1910000050
1910000051
1910000052
1910000053
1910000054
1910000055
1910000056
1910000057
1910000058
1910000059
1910000060
1910000061
1910000062
1910000063
1910000064
1910000065
1910000066
1910000067
1910000068
1910000069
1910000070
1910000071
1910000072
1910000073
1910000074
1910000075
1910000076
1910000077
1910000078
1910000079
1910000080
1910000081
1910000082
1910000083
1910000084
1910000085
1910000086
1910000087
1910000088
1910000089
1910000090
1910000091
1910000092
1910000093
1910000094
1910000095
1910000096
1910000097
1910000098
1910000099
1910000100
1910000101
1910000102
1910000103
1910000104
1910000105
1910000106
1910000107
1910000108
1910000109
1910000110
1910000111
1910000112
1910000113
1910000114
1910000115
1910000116
1910000117
1910000118
1910000119
1910000120
1910000121
1910000122
1910000123
1910000124
1910000125
1910000126
1910000127
1910000128
1910000129
1910000130
1910000131
1910000132
1910000133
1910000134
1910000135
1910000136
1910000137
1910000138
1910000139
1910000140
1910000141
1910000142
1910000143
1910000144
1910000145
1910000146
1910000147
1910000148
1910000149
1910000150
1910000151
1910000152
1910000153
1910000154
1910000155
1910000156
1910000157
1910000158
1910000159
1910000160
1910000161
1110000002
1110000003
1110000004
1110000005
1110000006
1110000007
1110000008
1110000009
1110000010
1110000011
1110000012
1110000013
1110000014
1110000015
1110000016
1110000017
1110000018
1110000019
1110000020
1110000021
1110000022
1110000023
1110000024
1110000025
1110000026
1110000027
1110000028
1110000029
1110000030
1110000031
1110000032
1110000033
1110000034
1110000035
1110000036
1110000037
1110000038
1110000039
1110000040
1110000041
1110000042
1110000043
1110000044
1110000045
1110000046
1110000047
1110000048
1110000049
1110000050
1110000051
1110000052
1110000053
1110000054
1110000055
1110000056
1110000057
1110000058
1110000059
1110000060
1110000061
1110000062
1110000063
1110000064
1110000065
1110000066
1110000067
1110000068
1110000069
1110000070
1110000071
1110000072
1110000073
1110000074
1110000075
1110000076
1110000077
1110000078
1110000079
1110000080
1110000081
1110000082
1110000083
1110000084
1110000085
1110000086
1110000087
1110000088
1110000089
1110000090
1110000091
1110000092
1110000093
1110000094
1110000095
1110000096
1110000097
1110000098
1110000099
1110000100
1110000101
1110000102
1110000103
1110000104
1110000105
1110000106
1110000107
1110000108
1110000109
1110000110
1110000111
1110000112
1110000113
1110000114
1110000115
1110000116
1110000117
1110000118
1110000119
1110000120
1110000121
1110000122
1110000123
1110000124
1110000125
1110000126
1110000127
1110000128
1110000129
1110000130
1110000131
1110000132
1110000133
1110000134
1110000135
1110000136
1110000137
1110000138
1110000139
1110000140
1110000141
1110000142
1110000143
1110000144
1110000145
1110000146
1110000147
1110000148
1110000149
1110000150
1110000151
1110000152
1110000153
1110000154
1110000155
1110000156
1110000157
1110000158
1110000159
1110000160
1110000161
1110000162
1110000163
1110000164
1110000165
1110000166
1110000167
1110000168
1110000169
1110000170
1110000171
1110000172
1110000173
1110000174
1110000175
1110000176
1110000177
1110000178
1110000179
1110000180
1110000181
1110000182
1110000183
1110000184
1110000185
1110000186
1110000187
1110000188
1110000189
1110000190
1110000191
1110000192
1110000193
1110000194
1110000195
1110000196
1110000197
1110000198
1110000199
1110000200
1110000201
1110000202
1110000203
1110000204
1110000205
1110000206
1110000207
1110000208
1110000209
1110000210
1110000211
1110000212
1110000213
1110000214
1110000215
1110000216
1110000217
1110000218
1110000219
1110000220
1110000221
1110000222
1110000223
1110000224
1110000225
1110000226
1110000227
1110000228
1110000229
1110000230
1110000231
1110000232
1110000233
1110000234
1110000235
1110000236
1110000237
1110000238
1110000239
1110000240
1110000241
1110000242
1110000243
1110000244
1110000245
1110000246
1110000247
1110000248
1110000249
1110000250
1110000251
1110000252
1110000253
1110000254
1110000255
1110000256
1110000257
1110000258
1110000259
1110000260
1110000261
1710000002
1710000003
1710000004
1710000005
1710000006
1710000007
1710000008
1710000009
1710000010
1710000011
1710000012
1710000013
1710000014
1710000015
1710000016
1710000017
1710000018
1710000019
1710000020
1710000021
1710000022
1710000023
1710000024
1710000025
1710000026
1710000027
1710000028
1710000029
1710000030
1710000031
1710000032
1710000033
1710000034
1710000035
1710000036
1710000037
1710000038
1710000039
1710000040
1710000041
1910000002
1910000002
1910000003
1910000003
1910000004
1910000004
1910000005
1910000005
1910000006
1910000006
1910000007
1910000007
1910000008
1910000008
1910000009
1910000009
1910000010
1910000010
1910000011
1910000011
1910000012
1910000012
1910000013
1910000013
1910000014
1910000014
1910000015
1910000015
1910000016
1910000016
1910000017
1910000017
1910000018
1910000018
1910000019
1910000019
1910000020
1910000020
1910000021
1910000021
1910000022
1910000022
1910000023
1910000023
1910000024
1910000024
1910000025
1910000025
1910000026
1910000026
1910000027
1910000027
1910000028
1910000028
1910000029
1910000029
1910000030
1910000030
1910000031
1910000031
1910000032
1910000032
1910000033
1910000033
1910000034
1910000034
1910000035
1910000035
1910000036
1910000036
1910000037
1910000037
1910000038
1910000038
1910000039
1910000039
1910000040
1910000040
1910000041
1910000041
1910000042
1910000042
1910000043
1910000043
1910000044
1910000044
1910000045
1910000045
1910000046
1910000046
1910000047
1910000047
1910000048
1910000048
1910000049
1910000049
1910000050
1910000050
1910000051
1910000051
1910000052
1910000052
1910000053
1910000053
1910000054
1910000054
1910000055
1910000055
1910000056
1910000056
1910000057
1910000057
1910000058
1910000058
1910000059
1910000059
1910000060
1910000060
1910000061
1910000061
1910000062
1910000062
1910000063
1910000063
1910000064
1910000064
1910000065
1910000065
1910000066
1910000066
1910000067
1910000067
1910000068
1910000068
1910000069
1910000069
1910000070
1910000070
1910000071
1910000071
1910000072
1910000072
1910000073
1910000073
1910000074
1910000074
1910000075
1910000075
1910000076
1910000076
1910000077
1910000077
1910000078
1910000078
1910000079
1910000079
1910000080
1910000080
1910000081
1910000081
1910000082
1910000082
1910000083
1910000083
1910000084
1910000084
1910000085
1910000085
1910000086
1910000086
1910000087
1910000087
1910000088
1910000088
1910000089
1910000089
1910000090
1910000090
1910000091
1910000091
1910000092
1910000092
1910000093
1910000093
1910000094
1910000094
1910000095
1910000095
1910000096
1910000096
1910000097
1910000097
1910000098
1910000098
1910000099
1910000099
1910000100
1910000100
1910000101
1910000101
1910000102
1910000102
1910000103
1910000103
1910000104
1910000104
1910000105
1910000105
1910000106
1910000106
1910000107
1910000107
1910000108
1910000108
1910000109
1910000109
1910000110
1910000110
1910000111
1910000111
1910000112
1910000112
1910000113
1910000113
1910000114
1910000114
1910000115
1910000115
1910000116
1910000116
1910000117
1910000117
1910000118
1910000118
1910000119
1910000119
1910000120
1910000120
1910000121
1910000121
1910000122
1910000122
1910000123
1910000123
1910000124
1910000124
1910000125
1910000125
1910000126
1910000126
1910000127
1910000127
1910000128
1910000128
1910000129
1910000129
1910000130
1910000130
1910000131
1910000131
1910000132
1910000132
1910000133
1910000133
1910000134
1910000134
1910000135
1910000135
1910000136
1910000136
1910000137
1910000137
1910000138
1910000138
1910000139
1910000139
1910000140
1910000140
1910000141
1910000141
1910000142
1910000142
1910000143
1910000143
1910000144
1910000144
1910000145
1910000145
1910000146
1910000146
1910000147
1910000147
1910000148
1910000148
1910000149
1910000149
1910000150
1910000150
1910000151
1910000151
1910000152
1910000152
1910000153
1910000153
1910000154
1910000154
1910000155
1910000155
1910000156
1910000156
1910000157
1910000157
1910000158
1910000158
1910000159
1910000159
1910000160
1910000160
1910000161
1910000161
1910000162
1910000162
1910000163
1910000163
1910000164
1910000164
1910000165
1910000165
1910000166
1910000166
1910000167
1910000167
1910000168
1910000168
1910000169
1910000169
1910000170
1910000170
1910000171
1910000171
1910000172
1910000172
1910000173
1910000173
1910000174
1910000174
1910000175
1910000175
1910000176
1910000176
1910000177
1910000177
1910000178
1910000178
1910000179
1910000179
1910000180
1910000180
1910000181
1910000181
1910000182
1910000182
1910000183
1910000183
1910000184
1910000184
1910000185
1910000185
1910000186
1910000186
1910000187
1910000187
1910000188
1910000188
1910000189
1910000189
1910000190
1910000190
1910000191
1910000191
1910000192
1910000192
1910000193
1910000193
1910000194
1910000194
1910000195
1910000195
1910000196
1910000196
1910000197
1910000197
1910000198
1910000198
1910000199
1910000199
1910000200
1910000200
1910000201
1910000201
1910000202
1910000202
1910000203
1910000203
1910000204
1910000204
1910000205
1910000205
1910000206
1910000206
1910000207
1910000207
1910000208
1910000208
1910000209
1910000209
1910000210
1910000210
1910000211
1910000211
1910000212
1910000212
1910000213
1910000213
1910000214
1910000214
1910000215
1910000215
1910000216
1910000216
1910000217
1910000217
1910000218
1910000218
1910000219
1910000219
1910000220
1910000220
1910000221
1910000221
1910000222
1910000222
1910000223
1910000223
1910000224
1910000224
1910000225
1910000225
1910000226
1910000226
1910000227
1910000227
1910000228
1910000228
1910000229
1910000229
1910000230
1910000230
1910000231
1910000231
1910000232
1910000232
1910000233
1910000233
1910000234
1910000234
1910000235
1910000235
1910000236
1910000236
1910000237
1910000237
1910000238
1910000238
1910000239
1910000239
1910000240
1910000240
1910000241
1910000241
1910000242
1910000242
1910000243
1910000243
1910000244
1910000244
1910000245
1910000245
1910000246
1910000246
1910000247
1910000247
1910000248
1910000248
1910000249
1910000249
1910000250
1910000250
1910000251
1910000251
1910000252
1910000252
1910000253
1910000253
1910000254
1910000254
1910000255
1910000255
1910000256
1910000256
1910000257
1910000257
1910000258
1910000258
1910000259
1910000259
1910000260
1910000260
1910000261
1910000261
1910000262
1910000262
1910000263
1910000263
1910000264
1910000264
1910000265
1910000265
1910000266
1910000266
1910000267
1910000267
1910000268
1910000268
1910000269
1910000269
1910000270
1910000270
1910000271
1910000271
1910000272
1910000272
1910000273
1910000273
1910000274
1910000274
1910000275
1910000275
1910000276
1910000276
1910000277
1910000277
1910000278
1910000278
1910000279
1910000279
1910000280
1910000280
1910000281
1910000281
1910000282
1910000282
1910000283
1910000283
1910000284
1910000284
1910000285
1910000285
1910000286
1910000286
1910000287
1910000287
1910000288
1910000288
1910000289
1910000289
1910000290
1910000290
1910000291
1910000291
1910000292
1910000292
1910000293
1910000293
1910000294
1910000294
1910000295
1910000295
1910000296
1910000296
1910000297
1910000297
1910000298
1910000298
1910000299
1910000299
1910000300
1910000300
1910000301
1910000301
1910000302
1910000302
1910000303
1910000303
1910000304
1910000304
1910000305
1910000305
1910000306
1910000306
1910000307
1910000307
1910000308
1910000308
1910000309
1910000309
1910000310
1910000310
1910000311
1910000311
1910000312
1910000312
1910000313
1910000313
1910000314
1910000314
1910000315
1910000315
1910000316
1910000316
1910000317
1910000317
1910000318
1910000318
1910000319
1910000319
1910000320
1910000320
1910000321
1910000321
1910000322
1910000322
1910000323
1910000323
1910000324
1910000324
1910000325
1910000325
2223481865
2238249223
2309444167
2264278435
2266944456
2262449743
2289577848
2244992800
