1711001990
1810200202
1810100202
1110685324
1810100203
1810200211
1810100204
1810100205
1110685324
1810200207
1810100445
1810100302
1810100556
1711428542
1810200205
1810100402
1810200205
1711007896
1810100403
1810100502
1810100503
1210100502
1210100503
1810100602
2651012877
1110073030
1110022133
1110049678
1110004541
1116874074
1115208374
1113924135
1810100522
1116232318
1110112250
1110992250
1110882250
1110772251
1110662250
1110552250
1110442250
1810200205
1110072025
1110072028
1110072027
1110072027
1110001656
1110001590
1110073034
1110076028
1110086465
1110076029
1110072239
1110000233
1110072237
1110072237
1110000002
1110072234
1110072236
1110076030
1110076030
1110076032
1110071239
1110076032
1810100334
1110077026
1110077026
1110071011
1110071238
1110072112
1110076034
1110072103
1810100445
1110072238
1110071242
1110071341
1110071242
1110071243
3859251745
3074656436
4952882835
6045969762
7932538241
4099382461
1810100158
9413300037
1710000020
1710000014
1710000010
1110000005
1110000001
1110073078
1110073124
1110071243
1110073123
1110071244
1110071245
1110071246
1110071248
1110071249
1110071245
1110071249
1110071248
1110071250
1110071251
1710037924
1710055854
1110071245
1110001531
1125309977
1110111247
1119324512
1210100602
1210100302
1210100305
1210100303
1110091235
1110091236
1110010902
1210244503
1110056851
1110000153
1110008707
1110000004
1710180522
1110000005
1165688521
1110000006
1110000003
1110091437
1110056711
1110000032
1110001031
1210100988
1110123457
1110224457
1110224559
1309199302
1710000730
1120014588
1120014786
1710000202
1710000212
5550064618
1210114104
1110575553
1110575554
1110575558
1111192271
1117774847
1710154687
1710154688
1710154689
1710154690
1710154686
1710154685
1710154684
1710154683
1111002108
1210100102
1183355338
1210100213
1162428918
1143738469
1111045734
1111002109
1810100164
1120992110
1810100161
1110017872
1204647335
1110009579
1110005531
1210257302
1210100151
1110031483
1110031491
1110000497
1110000307
1110031482
1710000113
1111002102
1110031481
1210110104
1110045821
1197044707
1210100089
1810100173
1210100037
1210100749
1110099644
1110099645
1110443206
1110475639
1110475575
1110650457
1110076449
1110035646
1110035657
1113753340
1111048058
1114061458
1117052930
1116510367
1111131631
1112338742
1119613326
1119612335
1118726460
1112645205
1117177577
1114424107
1114807345
1116682765
1112479849
1111702436
1118981395
1113145534
1114559580
1118175493
1113420484
1114013531
1118664719
1119414201
1117689436
1710988733
1719875413
1805634324
1814328202
1814377702
2457328202
1711043402
1710104556
2597532455
1710799803
1710866536
1710866539
1710104222
1729987352
1118706790
1110045124
1110045224
1110045335
1110045446
1110045888
1110045790
1110045126
1110458813
1110045699
1710879588
1710879588
1210100144
1118244205
1118215583
1116148895
1113994237
1112449833
1113018932
1114576218
1111260243
1116556222
1113963090
1115584928
1810100308
1210100702
1118266991
1117890768
1115576771
1119019694
1110343249
1113774143
1118853865
1115189408
1118244205
1114653446
1114661443
1116180903
1114067928
1112208979
1113496102
1116988604
1114736091
1113542991
1116646462
1810100308
1210100702
1110112729
1114946245
1119518714
1111174521
1115834541
1116668030
1118313212
1118143673
1110045335
1110045335
1110045335
1110045335
1110045335
1115566079
1115566079
1115566079
1115566079
1115566079
1115566079
1115566079
